3

3
10 20 30
140 20 10
160 10 20
0 1 1
0 0 1
0 0 0

3
10 20 30
140 20 10
160 10 20
0 0 1
0 0 1
0 0 0

13
10 20 30 40 50 60 70 80 10 20 30 40 57 
10 20 30 40 50 60 70 80 10 20 30 40 56  
80 70 60 50 40 30 20 10 80 70 60 50 45 
50 40 90 10 29 40 69 12 50 40 90 10 45 
30 60 78 47 29 10 34 57 30 60 78 47 45 
20 34 67 29 47 68 39 12 20 34 67 29 45 
140 14 14 14 14 14 10 10 14 14 14 14 10 
200 200 200 0 0 0 0 0 0 0 0 0 0
1 2 3 4 5 6 7 8 9 0 1 2 3
1 2 3 4 5 6 7 8 9 0 1 2 3
12 26 37 48 59 60 79 88 99 0 12 23 36 

0 1 1 1 1 1 1 1 1 1 1 1 1 
1 0 1 0 0 0 1 1 1 1 1 1 1   
1 1 0 1 0 1 0 1 1 1 1 1 1  
1 0 1 0 1 0 0 1 1 1 1 1 1   
1 0 0 1 0 1 0 1 1 1 1 1 1   
1 0 1 0 1 0 1 1 1 1 1 1 1 
1 1 0 0 0 1 0 1 1 1 1 1 1   
0 0 0 0 0 0 0 0 1 1 1 1 1    
1 0 0 0 0 0 0 0 0 0 1 1 1  
1 1 0 1 0 0 1 1 0 0 1 0 1   
1 0 1 1 0 0 0 0 0 1 1 0 1   
1 0 1 1 1 0 0 1 0 1 0 1 1   
1 0 0 1 0 1 0 1 1 1 1 1 1
  
